8124
7288
6602
5402
4984
4984
4744
4744
4608
4464
4384
4016
4016
3944
3944
3808
3804
3776
3776
3602
3432
3376
3328
3148
3080
3052
3016
2872
2816
2776
2768
2752
2752
2720
2688
2584
2584
2512
2496
2496
2464
2372
2352
2320
2304
2304
2288
2240
2228
2216
2192
2160
2160
2152
2148
2112
2086
2080
2032
2024
2016
2016
2000
2000
1968
1968
1952
1880
1872
1872
1872
1872
1856
1840
1840
1824
1824
1808
1768
1768
1728
1716
1716
1712
1712
1692
1672
1648
1632
1584
1552
1552
1552
1540
1504
1500
1492
1488
1488
1488
1456
1440
1440
1344
1328
1328
1312
1304
1304
1296
1296
1296
1296
1268
1264
1248
1148
1144
1120
1120
1104
1072
1064
1056
1048
1040
1040
1032
1032
1014
1012
1008
1008
1008
1000
940
936
924
876
872
856
848
832
816
816
812
772
768
760
752
744
732
672
648
600
600
576
576
576
576
576
576
576
576
556
536
528
528
492
480
480
476
452
448
432
432
408
400
400
400
392
390
384
368
360
340
332
308
300
288
284
280
258
256
240
240
224
216
216
210
192
192
192
192
168
156
152
144
96
96
96
96
86
64
48
40
39
36
36
32
8
8
8
6
