8124
7288
6602
5402
4984
4984
4744
4744
4608
4464
4384
4016
3944
3808
3804
3776
3776
3602
3432
3376
3328
3148
3080
3052
3016
2872
2816
2776
2720
2688
2680
2584
2576
2512
2496
2496
2372
2364
2352
2320
2312
2304
2304
2288
2228
2224
2216
2192
2186
2160
2148
2120
2112
2112
2072
2036
2032
2016
2000
2000
1968
1904
1880
1872
1872
1872
1872
1872
1840
1840
1840
1832
1824
1824
1808
1768
1760
1728
1716
1716
1712
1712
1692
1680
1672
1648
1648
1632
1632
1592
1584
1584
1584
1584
1552
1552
1504
1500
1492
1488
1456
1440
1440
1408
1400
1312
1304
1304
1296
1296
1296
1296
1264
1264
1248
1248
1232
1148
1144
1136
1132
1120
1120
1116
1092
1080
1072
1064
1048
1048
1040
1040
1020
1016
1012
1012
1008
1008
1008
1008
960
940
928
924
912
912
882
876
864
864
832
800
774
768
752
752
752
748
748
740
720
720
720
708
696
672
672
672
670
656
656
640
624
620
616
600
600
584
576
576
576
576
560
556
552
552
548
528
512
504
504
488
476
472
472
456
452
448
448
432
432
408
400
400
400
400
384
384
368
352
340
338
337
332
324
324
292
288
284
256
256
236
224
216
216
210
192
192
192
184
170
150
144
144
96
86
72
72
72
64
64
48
36
36
16
8
4
